#OTU ID	Cd11	Cd21	CG11	CG21	Cr11	Cr21	Cu11	Cu21	oh11	oh21	PAP11	PAP21	PNP11	PNP21	Seed
ASV_97	29	1804	12	2	1	4	0	0	52	4	0	0	0	2	604
ASV_11	18967	21	238	192	3650	0	8	0	37	7	0	0	365	0	2
ASV_2	43620	15154	62	0	38	2	76153	18	0	1	0	0	0	0	2
ASV_30	5178	1926	185	88	2	2	0	0	467	160	0	2	11	27	355
ASV_26	6724	2064	103	5	21	86	23	0	4	1	0	0	0	0	24
ASV_109	108	64	0	0	0	49	1	0	0	0	41	1428	0	3	4
ASV_3	1230	1070	134	0	333	31	11	81875	7	1	0	4	0	0	960
ASV_45	180	1	422	18	0	0	0	0	1287	109	18	5	18	7	4388
ASV_12	5891	15622	11	0	4	1	27	0	2	1	0	0	0	0	11
ASV_29	81	0	2787	323	127	2	0	0	4467	903	0	0	2073	5791	0
ASV_150	1316	557	0	0	0	2	0	0	0	0	0	0	5	161	1
ASV_134	120	333	9	7	9	25	8	0	8	8	1	2	16	24	723
ASV_585	44	28	0	0	0	0	0	0	0	0	0	0	0	0	0
ASV_34	2648	0	3	0	0	0	0	0	6	1	2744	1949	0	0	150
ASV_47	744	1485	2206	609	203	434	2	0	764	1467	25	9	37	256	1422
ASV_192	750	12	6	5	1	19	0	0	6	31	1	0	0	14	29
ASV_8	5229	6216	4261	13630	59	555	0	0	3178	1937	0	4	0	1	53
ASV_118	638	682	215	0	0	0	0	0	46	2	0	0	123	0	0
ASV_71	510	762	36	14	58	206	0	0	23	40	244	1191	0	71	104
ASV_1179	4	0	0	0	0	0	0	0	2	0	0	0	5	1	2
ASV_230	157	12	70	17	0	0	0	0	90	44	0	0	1	7	45
ASV_105	1427	0	229	0	0	0	0	0	36	5	0	0	0	0	36
ASV_996	19	0	0	0	0	0	0	0	0	0	0	0	0	0	0
ASV_73	544	578	286	824	96	154	0	0	353	63	0	3	1	1	92
ASV_170	279	472	0	2	0	0	2	0	3	11	0	4	0	0	0
ASV_171	108	0	6	9	12	102	0	0	3	28	0	1	93	513	5
ASV_10	576	0	3552	276	7	0	0	0	8153	4304	3	5	112	0	9180
ASV_331	200	27	0	0	0	0	0	0	0	0	0	0	3	11	1
ASV_51	762	252	199	558	9	346	0	0	1065	721	2	2	19	238	926
ASV_63	744	1749	278	24	1014	32	252	0	83	18	0	1	0	0	195
ASV_254	55	15	1	3	42	4	14	0	0	0	0	67	113	98	0
ASV_201	46	1	107	37	11	7	0	0	74	29	2	2	48	3	229
ASV_46	291	374	0	0	0	2	0	0	0	0	0	0	117	5234	0
ASV_35	231	63	25	0	75	26	8768	78	2	1	0	0	0	0	52
ASV_198	14	3	31	34	22	17	353	61	16	17	12	2	11	15	25
ASV_48	190	127	458	161	180	488	0	0	3283	949	1	0	0	0	6
ASV_292	22	245	1	0	0	0	0	0	0	0	0	0	0	0	2
ASV_5	41	8	153	2	50631	3250	1	6	2	1	1	0	0	0	3
ASV_85	339	0	55	11	0	0	0	0	1520	433	0	0	22	9	1
ASV_229	13	0	51	1	0	0	0	0	88	2	0	0	13	0	255
ASV_359	2	0	4	0	0	0	0	0	10	0	0	0	0	0	158
ASV_605	18	0	6	6	0	3	0	0	4	2	3	0	11	0	58
ASV_355	79	18	0	1	37	0	55	4	2	8	1	0	0	0	1
ASV_59	15	2	470	49	28	266	0	0	343	783	2	0	1392	3539	49
ASV_520	40	21	5	10	0	2	11	0	2	4	20	26	0	0	2
ASV_323	3	0	0	0	0	0	0	0	0	0	0	0	0	0	0
ASV_361	18	169	0	0	0	0	0	0	0	0	0	0	0	0	5
ASV_710	14	21	0	0	0	0	0	0	0	0	0	0	0	0	0
ASV_58	53	0	577	1129	24	9	1	0	639	551	13	8	418	30	854
ASV_166	11	0	98	0	10	1	0	0	141	13	2	0	151	3	382
ASV_184	34	0	6	0	0	1	0	0	22	2	0	1	59	0	551
ASV_594	57	0	0	0	0	0	0	0	0	0	0	0	0	0	0
ASV_959	3	0	0	0	0	0	0	0	26	5	0	0	0	0	0
ASV_538	6	6	8	11	0	0	0	0	24	12	0	0	0	2	2
ASV_4	48	2	3545	22467	68	1861	0	0	12549	34727	2	4	89	254	391
ASV_274	4	0	140	2	6	0	0	0	8	16	2	0	11	1	116
ASV_735	2	0	1	0	0	0	0	0	1	0	1	1	0	0	32
ASV_7	11	0	769	2333	621	12634	0	0	1797	2679	1	1	158	13867	48
ASV_750	37	0	0	2	0	0	0	0	0	0	0	0	0	0	0
ASV_80	61	0	145	0	0	0	0	0	697	8	1	1	24	0	1331
ASV_163	114	904	2	117	0	8	0	0	0	15	0	0	0	0	0
ASV_84	98	0	65	0	9	0	0	0	109	3	18	17	45	1	1748
ASV_179	77	24	100	66	4	5	1	0	349	69	2	4	0	0	122
ASV_317	63	77	12	8	0	0	0	0	19	37	0	0	0	0	0
ASV_412	10	4	20	12	3	0	0	0	6	15	0	1	15	4	41
ASV_114	86	1	109	8	0	0	0	0	303	14	1	0	229	0	776
ASV_305	14	1	52	13	7	3	0	0	30	13	2	2	24	22	62
ASV_341	52	0	7	0	0	0	0	0	96	12	0	0	0	0	27
ASV_887	29	10	0	0	0	0	0	0	0	0	0	0	0	0	0
ASV_199	2	0	2	4	0	0	0	0	0	0	0	0	0	0	1
ASV_1135	8	1	0	0	0	0	0	0	0	0	0	0	0	1	0
ASV_43	205	2	169	2	78	47	0	0	572	89	3	1	205	1	6078
ASV_326	38	47	1	125	0	0	2	0	35	34	0	0	43	166	0
ASV_137	173	3	539	117	7	1	0	0	186	73	2	14	125	9	532
ASV_552	77	0	1	0	0	0	0	0	0	0	0	0	0	0	2
ASV_474	6	0	8	2	11	0	0	0	6	4	0	0	0	0	62
ASV_220	1	0	41	10	2	4	0	0	124	176	0	0	0	0	109
ASV_190	40	7	0	0	0	0	0	0	0	0	0	0	0	14	0
ASV_926	8	29	0	0	0	5	0	0	0	0	0	0	0	5	0
ASV_392	8	90	0	0	0	0	0	0	0	0	0	0	8	47	0
ASV_689	4	0	2	0	1	2	0	0	1	0	0	0	3	0	28
ASV_370	64	0	0	0	48	61	0	0	0	8	0	0	0	0	2
ASV_21	24	283	102	24	292	2018	33	0	2	22	1193	6772	81	107	1
ASV_812	24	0	0	0	0	0	0	0	0	0	0	0	0	4	0
ASV_386	50	21	6	0	22	125	2	0	0	5	0	0	0	29	0
ASV_817	26	0	0	0	0	0	0	0	0	0	0	0	0	0	0
ASV_140	30	2	829	14	24	45	0	0	459	63	2	0	23	27	0
ASV_37	97	34	171	148	226	144	5158	914	63	52	33	44	69	55	149
ASV_70	37	0	38	3	1	0	0	0	405	61	0	2	181	8	2851
ASV_101	35	1	146	10	12	1	0	0	470	258	0	1	244	31	678
ASV_32	15	0	398	1037	23	4	0	0	1306	1904	58	15	658	1088	1338
ASV_98	51	1	151	86	12	13	0	0	407	1105	0	0	0	0	65
ASV_640	2	0	0	0	0	0	0	0	2	48	0	0	5	0	0
ASV_844	22	10	0	0	0	0	0	0	1	0	0	0	0	0	0
ASV_463	6	0	4	15	0	0	0	0	41	21	0	0	0	0	19
ASV_443	1	0	2	12	0	123	0	0	1	0	0	0	0	0	0
ASV_222	7	1	0	1	74	319	0	0	8	0	0	15	39	21	7
ASV_173	2	679	1	0	0	45	1	2	0	0	0	0	8	0	0
ASV_480	34	2	0	0	0	0	0	0	1	0	2	2	3	0	52
ASV_95	22	0	170	0	9	0	0	0	478	35	0	2	21	0	1098
ASV_28	6	8331	7	61	0	0	0	0	2	33	0	0	0	0	0
ASV_957	19	2	0	0	0	0	0	0	0	0	0	0	0	0	0
ASV_816	6	0	1	1	0	0	0	0	9	0	0	0	0	0	8
ASV_76	46	17	376	107	38	128	0	0	1311	410	2	0	0	1	305
ASV_255	10	0	32	34	1	0	0	0	103	46	0	0	9	0	129
ASV_356	6	0	2	0	0	0	0	0	180	0	0	0	0	0	0
ASV_405	1	149	0	0	0	0	0	0	1	0	0	0	0	0	4
ASV_286	34	8	1	3	32	149	0	0	0	3	0	0	52	3	3
ASV_311	8	0	5	0	0	0	0	0	6	0	0	0	1	0	198
ASV_413	3	35	0	97	0	0	0	0	0	0	0	0	4	1	0
ASV_912	3	16	0	0	1	0	0	0	1	0	0	0	0	0	0
ASV_117	14	0	0	0	175	565	0	0	3	10	97	552	30	37	0
ASV_93	8	0	766	304	58	2	0	0	379	55	2	0	15	105	1058
ASV_746	11	10	1	0	0	2	0	0	2	9	0	0	0	0	0
ASV_541	6	1	1	1	2	0	0	0	1	0	0	2	6	2	54
ASV_471	1	0	0	0	0	0	0	0	0	0	0	0	0	0	0
ASV_133	16	0	1	0	1	0	0	0	73	1	3	0	23	0	1293
ASV_407	9	0	1	0	73	0	0	0	60	2	0	0	3	4	1
ASV_503	15	1	19	9	1	2	0	0	19	16	0	0	3	0	7
ASV_1078	1	0	0	0	1	0	0	0	0	0	0	0	0	3	11
ASV_1066	8	0	0	0	0	0	0	0	5	1	0	0	0	0	0
ASV_822	2	0	5	0	0	0	0	0	2	0	1	0	1	0	17
ASV_53	2	0	135	0	0	0	0	0	971	68	3	1	3	0	3570
ASV_55	16	0	556	2146	0	15	0	0	851	845	0	2	17	33	41
ASV_360	3	0	0	0	0	0	0	0	0	0	1	9	1	0	161
ASV_436	8	0	15	12	0	0	0	0	28	27	0	0	3	0	38
ASV_622	3	0	2	24	0	2	0	0	4	21	0	5	0	0	2
ASV_300	12	1	41	17	2	21	0	0	65	21	0	0	2	1	55
ASV_536	2	1	2	2	0	2	44	13	1	5	0	0	0	5	3
ASV_1114	2	2	0	0	0	14	0	0	0	0	0	0	0	0	0
ASV_283	18	0	32	120	0	0	0	0	4	0	1	0	0	0	121
ASV_1	17	15	653	483	2485	15373	602	28	226	75	64717	36274	0	3	86
ASV_383	8	146	0	2	0	0	0	0	0	3	0	0	0	0	0
ASV_272	1	0	69	31	0	0	0	0	57	162	0	0	0	0	10
ASV_44	2	0	29	94	72	2	0	0	1712	4653	0	0	159	18	0
ASV_458	3	0	7	4	0	0	0	0	2	0	4	5	3	0	85
ASV_41	2	0	383	44	0	0	0	0	2071	319	0	0	1024	333	4882
ASV_125	7	6	0	5	21	1350	4	0	0	8	0	0	3	161	34
ASV_172	7	2	0	1	3	14	2	0	1	0	2	689	7	0	0
ASV_857	1	0	0	0	0	0	0	0	1	0	0	0	0	0	23
ASV_135	6	1100	1	0	2	0	0	0	5	1	1	3	3	0	128
ASV_675	5	0	0	0	1	2	0	0	0	0	0	42	2	0	0
ASV_349	5	0	14	31	5	0	0	0	31	19	2	0	7	0	75
ASV_267	7	5	12	14	22	17	134	61	11	18	11	8	8	9	14
ASV_279	5	0	53	0	0	0	0	0	98	2	0	0	0	0	145
ASV_154	1	0	0	0	0	0	0	0	0	0	0	1	0	0	964
ASV_366	2	0	11	23	5	1	0	0	75	70	3	2	13	0	138
ASV_444	4	0	45	9	5	3	2	0	33	16	0	0	7	35	10
ASV_410	7	0	0	0	0	0	0	0	3	0	2	1	6	0	123
ASV_648	1	1	1	0	0	5	0	0	0	4	0	0	1	40	0
ASV_428	4	0	17	3	0	0	0	0	54	5	0	0	22	1	23
ASV_39	5	1	278	114	1750	4715	0	0	363	283	0	0	0	1	83
ASV_264	4	5	0	2	0	0	0	0	0	0	0	0	0	0	0
ASV_549	1	0	3	4	0	0	0	0	37	11	0	0	5	0	17
ASV_583	3	0	2	0	15	63	0	0	2	3	0	0	0	0	31
ASV_378	2	0	21	1	1	0	0	0	4	4	2	1	1	0	115
ASV_664	7	0	3	0	0	0	0	0	31	0	0	0	0	0	2
ASV_9	2	0	1	0	0	0	0	0	181	4	25777	3533	999	584	1
ASV_25	3	3	27	1543	26	458	0	0	7	272	0	0	123	7295	21
ASV_106	1	3	201	1222	10	147	0	0	3	63	0	1	113	591	9
ASV_123	1	0	53	0	0	0	0	0	34	2	1	0	1	0	1258
ASV_1144	8	2	0	0	0	0	0	0	0	0	0	0	0	0	1
ASV_697	1	4	7	0	0	0	0	0	3	1	0	3	5	2	21
ASV_680	1	0	0	1	0	0	0	0	2	0	40	3	0	0	0
ASV_1035	5	15	0	0	0	0	0	0	0	0	0	0	0	0	0
ASV_104	2	0	1	0	1	0	0	0	5	0	0	0	2	0	1547
ASV_169	10	4	1	4	0	0	0	0	0	0	255	668	0	0	0
ASV_607	1	0	1	0	0	0	0	0	11	0	0	0	2	0	58
ASV_685	1	0	0	0	0	0	0	0	1	0	3	0	0	0	44
ASV_635	2	0	28	0	1	0	0	0	16	0	0	0	0	0	0
ASV_504	3	4	0	0	2	9	0	0	0	0	8	57	0	0	3
ASV_1014	1	0	0	0	0	1	0	0	0	0	0	0	5	0	9
ASV_1108	2	0	1	0	0	0	0	0	0	0	0	0	0	0	8
ASV_362	3	0	13	0	2	0	0	0	15	0	0	0	1	0	150
ASV_244	1	0	79	102	0	0	0	0	37	227	0	0	0	0	0
ASV_419	3	8	1	8	4	15	0	0	0	78	0	0	1	11	2
ASV_215	4	2	3	2	0	0	0	0	0	0	0	0	0	0	4
ASV_1098	3	9	0	0	0	1	0	0	0	0	0	0	0	31	0
ASV_524	1	0	0	0	5	0	0	0	0	0	0	0	1	0	73
ASV_672	3	1	2	3	0	0	0	0	7	3	0	0	6	14	6
ASV_162	1	2	205	81	2	0	0	0	180	376	0	0	0	0	34
ASV_683	1	1	3	51	0	0	0	0	0	1	0	0	0	0	0
ASV_345	2	1	17	1	0	0	0	0	58	23	0	0	1	0	89
ASV_704	2	5	0	1	0	1	0	0	0	0	0	31	0	0	4
ASV_491	2	0	0	0	0	0	0	0	0	1	1	0	0	0	121
ASV_1148	1	0	0	0	0	0	0	0	1	0	0	0	0	0	10
ASV_782	3	1	41	32	0	4	0	0	3	9	0	0	4	1	5
ASV_449	2	0	17	0	0	0	0	0	48	0	0	0	0	0	51
ASV_357	1	0	54	20	33	5	0	0	20	15	0	0	0	2	36
ASV_155	1	308	0	0	349	282	0	0	0	0	1	0	0	0	6
ASV_324	1	2	4	1	0	0	0	0	0	0	0	0	0	0	1
ASV_1075	2	0	0	4	0	1	0	0	0	0	0	3	0	0	1
ASV_492	4	2	6	4	3	0	0	0	13	8	1	0	5	0	60
ASV_801	2	0	0	0	0	0	0	0	0	0	0	0	24	2	0
ASV_77	1	0	1	0	0	0	0	0	297	3	0	2	0	0	2211
ASV_103	3	1593	0	5	2	1	0	0	4	1	0	2	0	2	1
ASV_763	2	0	0	2	0	0	0	0	5	4	0	0	3	1	11
ASV_1088	1	6	3	9	1	0	0	0	1	7	0	0	0	0	2
ASV_88	5	0	275	83	0	0	0	0	350	154	1	60	845	68	207
ASV_194	5	1	36	0	499	440	234	0	19	6	0	0	1	5	48
ASV_209	1	0	0	0	3	0	0	0	22	0	0	0	1	0	525
ASV_754	2	0	0	1	0	1	0	0	5	4	2	0	4	0	10
ASV_563	1	0	0	0	0	0	0	0	1	0	0	0	0	0	0
ASV_876	1	0	1	0	0	0	0	0	2	4	0	0	4	1	10
ASV_160	1	0	235	31	0	0	0	0	191	99	0	0	248	14	51
ASV_298	2	0	15	37	0	0	0	0	70	36	0	3	0	0	92
ASV_691	2	0	0	0	0	0	0	0	0	0	0	0	0	0	0
ASV_130	2	0	0	0	0	0	536	1007	0	1	0	0	0	0	0
ASV_487	1	0	0	0	0	0	0	0	0	0	0	1	0	0	93
ASV_263	3	1	37	8	4	0	0	0	328	8	0	0	0	21	0
ASV_842	2	5	5	11	0	0	0	0	1	0	0	0	0	0	1
ASV_739	1	0	0	0	0	0	0	0	0	0	0	0	0	0	0
ASV_79	1	0	3	24	2	2248	2	0	1	2	3	1	0	0	0
ASV_936	1	0	0	0	1	0	0	0	0	0	0	0	1	0	14
ASV_200	1	0	0	0	2	0	0	0	0	0	0	0	614	260	2
ASV_251	1	0	8	3	0	0	0	0	8	0	0	0	137	346	35
ASV_54	3	17	22	298	8	29	0	0	13	58	0	0	95	4562	52
ASV_572	3	0	0	0	0	0	0	0	10	2	0	0	30	31	0
ASV_1138	2	0	0	5	0	0	0	0	0	1	0	0	0	0	3
ASV_477	1	0	57	24	1	0	0	0	2	16	0	0	0	0	3
ASV_740	2	0	0	0	0	4	0	0	0	1	0	0	46	10	3
ASV_122	2	7	0	3	0	0	0	0	0	1	0	0	1377	2	0
ASV_752	2	0	2	0	0	3	0	0	0	9	0	0	0	1	23
ASV_633	2	0	16	9	0	0	0	0	6	6	0	1	3	0	8
ASV_573	1	0	1	48	7	0	0	0	1	6	0	0	0	0	0
ASV_307	1	2	0	0	0	0	0	0	0	0	0	0	34	192	0
ASV_1033	2	0	1	0	0	0	0	0	10	0	0	0	0	0	0
ASV_275	1	0	2	0	7	7	2	0	3	0	0	0	0	1	4
ASV_718	2	0	1	0	0	0	0	0	9	3	0	0	0	0	34
ASV_792	1	0	5	4	0	0	0	0	5	6	0	0	0	0	24
ASV_262	2	0	49	0	2	0	0	0	88	8	1	0	3	0	190
ASV_442	2	0	0	0	0	0	0	0	0	1	0	0	2	0	1
ASV_614	1	0	3	21	14	35	0	0	2	3	0	0	0	0	1
ASV_61	1	0	61	1	0	0	0	0	5	0	2	1	0	0	3685
ASV_826	1	0	0	0	0	0	0	0	4	0	0	0	0	0	20
ASV_467	2	0	4	0	0	0	0	0	38	7	0	0	6	0	53
ASV_353	1	0	0	0	0	0	0	0	0	0	0	0	0	0	5
ASV_845	1	0	1	0	0	1	0	0	3	0	2	1	1	0	16
ASV_1152	1	0	1	0	0	0	0	0	0	0	0	0	1	0	14
ASV_92	1	0	119	119	839	855	0	0	51	231	1	0	0	1	14
ASV_855	1	0	0	0	0	1	0	0	0	4	0	0	0	0	1
ASV_870	2	0	3	3	0	0	0	0	1	0	1	1	4	0	9
ASV_330	1	0	0	0	0	0	0	0	0	0	0	0	0	0	0
ASV_288	1	1	26	10	1	0	0	0	84	43	0	0	45	25	47
ASV_966	2	0	0	0	0	0	0	0	0	0	0	0	0	0	16
ASV_223	1	0	111	125	12	0	0	0	42	162	0	0	0	0	2
ASV_950	1	0	0	0	0	1	0	5	3	0	0	0	2	3	12
ASV_358	1	0	16	0	2	154	0	0	0	7	0	0	0	0	0
ASV_877	2	0	0	0	0	0	0	0	1	0	0	0	0	0	19
ASV_14	0	13157	0	728	0	0	0	0	0	825	0	0	0	18	0
ASV_148	0	1054	0	0	0	0	0	0	0	0	0	0	0	0	0
ASV_206	0	340	117	59	0	0	0	0	1	5	0	0	16	0	0
ASV_205	0	558	0	0	0	0	0	0	0	0	0	0	0	0	0
ASV_213	0	487	0	0	0	0	0	0	0	0	0	0	0	0	0
ASV_250	0	366	0	1	1	2	0	0	0	0	0	1	0	0	0
ASV_269	0	271	8	58	0	0	0	0	0	9	0	0	0	0	0
ASV_116	0	65	0	0	4	150	0	0	0	0	0	0	28	1532	0
ASV_1111	0	2	0	5	0	0	0	0	0	3	0	0	0	0	0
ASV_551	0	68	0	0	4	0	0	0	0	0	0	0	0	0	0
ASV_66	0	17	1	737	0	0	0	0	3	123	0	0	1118	1446	0
ASV_544	0	32	5	9	0	1	0	0	8	20	0	0	3	8	2
ASV_27	0	15	8499	10	0	0	0	0	226	6	1	0	0	0	0
ASV_282	0	25	6	205	0	19	0	0	0	34	0	1	0	4	0
ASV_975	0	17	0	0	0	0	0	0	0	0	0	0	0	0	0
ASV_136	0	1	11	0	14	1	0	0	1	11	0	0	0	4	0
ASV_994	0	18	0	0	0	0	0	0	0	0	0	5	0	0	0
ASV_800	0	2	2	3	0	0	0	0	1	16	0	4	0	0	49
ASV_1096	0	1	0	0	1	12	0	0	0	0	0	0	0	7	0
ASV_453	0	3	0	0	21	7	0	0	0	0	55	39	0	0	0
ASV_287	0	12	0	0	0	0	0	0	1	0	0	274	0	0	0
ASV_325	0	10	4	16	56	119	0	0	0	12	0	1	0	1	1
ASV_17	0	1	107	1845	167	9815	0	0	19	981	2	0	0	34	10
ASV_284	0	4	3	14	23	85	0	0	3	9	0	99	11	33	0
ASV_974	0	10	0	1	0	0	0	0	2	2	0	0	0	1	0
ASV_941	0	6	0	0	0	0	0	0	0	0	0	9	1	0	0
ASV_601	0	7	0	0	0	0	0	0	0	0	0	0	0	0	70
ASV_411	0	1	0	0	0	0	0	0	0	1	0	0	0	0	3
ASV_903	0	2	0	3	0	4	0	0	0	0	0	0	2	57	1
ASV_273	0	4	0	0	0	0	0	0	0	0	0	0	0	0	0
ASV_1024	0	3	0	0	0	0	0	0	0	2	0	0	3	1	27
ASV_156	0	4	4	86	0	365	0	0	10	42	0	12	2	464	10
ASV_23	0	2	10	48	2	12	0	0	983	8528	0	0	0	2	8
ASV_515	0	1	0	0	0	0	0	32	0	1	45	21	7	1	0
ASV_655	0	1	9	2	1	0	0	0	17	9	0	0	3	0	6
ASV_958	0	2	0	0	2	2	0	16	0	0	0	0	0	0	1
ASV_479	0	1	30	4	2	6	0	0	53	11	0	0	1	0	7
ASV_376	0	1	1	0	41	5	0	0	3	0	0	0	0	16	4
ASV_1133	0	1	1	0	0	1	2	0	1	2	2	0	1	0	2
ASV_430	0	1	38	8	2	0	0	0	12	57	0	0	0	2	2
ASV_751	0	2	0	0	0	2	44	0	0	0	13	9	0	0	0
ASV_89	0	1	2	73	5	6	1	0	4	1837	0	0	32	2	7
ASV_6	0	0	28241	1	22759	23	0	0	18	0	0	62	0	3	50
ASV_15	0	0	12286	0	0	0	0	0	9918	0	0	0	0	0	2
ASV_234	0	0	2	0	0	0	0	0	37	0	0	0	0	0	368
ASV_65	0	0	2056	7	0	0	0	0	49	1015	0	0	382	0	0
ASV_437	0	0	70	40	0	0	0	0	0	5	0	0	0	2	0
ASV_82	0	0	2120	0	0	0	0	0	0	0	0	0	0	0	0
ASV_191	0	0	625	0	0	0	0	0	1	0	0	1	0	0	0
ASV_33	0	0	194	0	0	0	0	0	1	0	0	0	0	0	0
ASV_110	0	0	1149	2	3	0	0	0	1425	90	0	0	0	0	1
ASV_208	0	0	1011	0	0	0	0	0	7	2	0	0	1	0	0
ASV_438	0	0	152	1	0	0	0	0	27	0	0	0	0	0	0
ASV_507	0	0	82	0	0	0	0	0	0	0	0	0	0	0	0
ASV_149	0	0	345	4	0	0	0	0	513	13	0	0	3	0	256
ASV_78	0	0	458	1350	0	0	0	0	13	615	0	0	0	0	0
ASV_476	0	0	80	3	0	0	0	0	0	7	0	0	0	7	0
ASV_798	0	0	4	7	0	0	0	0	12	2	0	0	0	0	11
ASV_217	0	0	335	0	0	0	0	0	122	15	0	0	0	0	0
ASV_152	0	0	995	0	0	0	0	0	0	0	0	0	0	0	0
ASV_281	0	0	76	9	0	0	0	0	0	161	0	23	2	0	0
ASV_807	0	0	26	0	0	0	0	0	0	0	0	0	0	0	0
ASV_127	0	0	283	0	0	0	0	0	1033	9	0	0	4	0	0
ASV_550	0	0	8	0	0	0	0	0	41	0	0	0	1	0	23
ASV_294	0	0	37	17	0	0	0	0	95	112	0	0	0	0	0
ASV_56	0	0	798	258	0	0	0	0	2005	277	2	0	363	11	712
ASV_180	0	0	252	1	0	0	0	0	319	124	0	0	0	0	0
ASV_86	0	0	161	1342	0	0	0	0	164	322	0	0	0	9	0
ASV_157	0	0	208	389	31	0	0	0	43	432	0	0	0	3	10
ASV_303	0	0	34	39	0	0	0	0	44	46	0	0	1	44	33
ASV_531	0	0	29	0	0	0	0	0	14	0	0	0	0	0	27
ASV_165	0	0	267	178	28	365	0	0	4	96	0	0	1	18	10
ASV_439	0	0	13	0	0	0	0	0	22	0	0	0	0	0	83
ASV_22	0	0	12	1748	110	9446	0	0	0	52	31	806	1977	620	4
ASV_49	0	0	586	368	0	0	0	0	4027	710	0	0	1	0	0
ASV_1140	0	0	10	0	0	0	0	0	1	2	0	0	0	0	0
ASV_425	0	0	113	0	0	0	0	0	12	0	0	0	0	0	6
ASV_596	0	0	16	0	0	0	0	0	29	6	0	0	1	0	11
ASV_147	0	0	136	0	0	0	0	0	861	0	0	0	0	0	64
ASV_498	0	0	11	1	20	95	0	0	1	5	0	0	3	6	0
ASV_204	0	0	18	7	0	0	0	0	54	18	118	201	9	0	119
ASV_400	0	0	180	0	0	0	0	0	0	0	0	0	0	0	0
ASV_486	0	0	29	0	0	0	0	0	63	0	0	0	0	0	0
ASV_627	0	0	33	10	0	0	0	0	11	4	0	0	0	0	0
ASV_304	0	0	112	0	0	0	0	0	126	0	0	0	0	0	0
ASV_299	0	0	101	75	1	1	0	0	16	11	0	0	9	5	23
ASV_175	0	0	58	17	1	0	0	0	408	107	1	0	3	0	102
ASV_702	0	0	1	0	0	0	0	0	0	0	0	0	0	0	1
ASV_968	0	0	15	0	0	0	0	0	0	0	0	0	0	0	0
ASV_569	0	0	49	9	2	10	0	0	4	4	0	0	0	0	0
ASV_424	0	0	84	0	0	0	0	0	35	0	0	0	23	80	4
ASV_290	0	0	65	124	0	0	0	0	1	91	0	0	0	0	0
ASV_138	0	0	375	54	0	0	0	0	579	194	0	0	4	4	0
ASV_280	0	0	63	0	0	0	0	0	127	0	0	0	0	0	108
ASV_335	0	0	12	0	0	0	0	0	103	6	0	0	2	90	3
ASV_351	0	0	6	0	2	0	0	0	5	0	0	2	0	0	171
ASV_339	0	0	38	163	0	0	0	0	5	0	0	0	0	0	0
ASV_668	0	0	22	14	0	0	0	0	2	3	0	0	1	0	0
ASV_707	0	0	18	21	1	0	0	0	0	3	0	0	0	0	0
ASV_67	0	0	13	3392	0	0	0	0	4	91	0	0	14	10	0
ASV_74	0	0	196	1683	0	0	0	0	250	601	2	2	0	0	131
ASV_132	0	0	127	491	6	17	0	0	128	218	0	0	21	152	109
ASV_271	0	0	45	239	0	0	0	0	0	4	0	58	0	0	0
ASV_293	0	0	75	163	0	8	0	0	0	8	1	1	2	1	8
ASV_866	0	0	26	0	0	0	0	0	0	0	0	0	0	0	0
ASV_126	0	0	42	0	0	0	0	0	1235	8	0	0	12	0	0
ASV_508	0	0	29	0	0	0	0	0	31	1	0	0	5	1	18
ASV_143	0	0	208	0	0	0	0	0	938	13	0	0	0	0	0
ASV_115	0	0	20	0	0	0	0	0	55	0	0	0	0	0	1404
ASV_348	0	0	6	0	0	0	0	0	28	0	0	0	0	0	155
ASV_402	0	0	12	26	2	28	0	0	9	28	0	0	1	22	13
ASV_13	0	0	65	3934	0	0	0	0	20	271	0	0	5662	11269	0
ASV_129	0	0	49	639	0	0	0	0	232	317	0	0	44	0	0
ASV_537	0	0	95	0	0	0	0	0	3	0	0	0	26	0	0
ASV_644	0	0	22	0	0	0	0	0	25	5	0	0	0	0	6
ASV_649	0	0	52	0	0	0	0	0	0	0	0	0	0	0	0
ASV_352	0	0	4	0	0	0	0	0	0	0	0	0	33	149	0
ASV_475	0	0	106	0	0	0	0	0	11	0	0	0	0	0	0
ASV_793	0	0	19	0	0	0	0	0	8	0	0	0	0	0	0
ASV_96	0	0	4	1284	0	0	0	0	0	31	0	309	0	205	0
ASV_321	0	0	10	0	0	0	0	0	213	6	0	0	0	3	0
ASV_1131	0	0	8	1	0	0	0	0	1	1	0	0	0	0	0
ASV_1181	0	0	1	1	0	0	0	0	5	2	0	0	0	0	0
ASV_253	0	0	78	15	0	0	0	0	127	137	0	0	0	0	0
ASV_946	0	0	3	0	0	0	0	0	2	1	0	0	0	0	15
ASV_1069	0	0	4	4	0	0	0	0	0	4	0	0	0	0	1
ASV_615	0	0	5	0	0	0	0	0	9	4	0	0	0	0	36
ASV_333	0	0	16	114	0	0	0	0	10	57	0	2	0	17	0
ASV_232	0	0	42	16	0	0	0	0	212	37	0	0	0	0	126
ASV_482	0	0	84	62	0	0	0	0	4	5	0	0	0	0	0
ASV_409	0	0	9	0	0	0	0	0	38	0	0	0	1	0	88
ASV_377	0	0	14	133	0	0	0	0	0	25	0	0	0	0	0
ASV_119	0	0	13	1141	0	0	0	0	0	219	0	0	25	22	0
ASV_770	0	0	18	8	0	0	0	0	5	1	0	0	0	0	0
ASV_216	0	0	36	3	0	1	0	0	1	2	0	0	428	1	0
ASV_995	0	0	5	3	0	0	0	0	2	2	0	0	1	2	0
ASV_791	0	0	25	0	0	0	0	0	4	0	0	0	0	0	0
ASV_380	0	0	36	1	10	4	0	0	27	27	0	0	0	0	50
ASV_151	0	0	1	0	0	0	0	0	1	0	0	0	0	0	0
ASV_1023	0	0	7	8	1	15	0	0	0	6	0	1	0	0	0
ASV_1184	0	0	2	1	0	0	0	0	0	0	1	0	15	0	0
ASV_516	0	0	14	0	0	0	0	0	70	3	0	0	0	0	0
ASV_567	0	0	13	0	0	0	0	0	53	0	0	0	0	0	0
ASV_591	0	0	10	9	0	0	0	0	2	30	0	0	0	0	7
ASV_964	0	0	21	0	0	0	0	0	1	0	0	0	0	0	0
ASV_415	0	0	10	19	0	0	0	0	7	106	0	0	0	0	1
ASV_460	0	0	24	0	0	0	0	0	38	2	0	0	1	0	45
ASV_983	0	0	2	9	0	1	0	0	1	3	0	0	0	0	1
ASV_658	0	0	8	5	0	0	0	0	0	15	0	17	0	0	0
ASV_384	0	0	24	49	9	18	0	0	16	77	0	0	0	29	3
ASV_667	0	0	15	1	0	0	0	0	24	6	0	0	0	0	2
ASV_660	0	0	15	0	0	0	0	0	4	0	0	0	16	0	17
ASV_717	0	0	20	3	0	0	0	0	0	11	0	0	0	1	0
ASV_343	0	0	39	63	0	0	0	0	53	47	0	6	0	6	0
ASV_517	0	0	17	3	0	0	0	0	0	0	0	0	54	5	0
ASV_221	0	0	25	19	0	0	0	0	80	16	0	0	207	2	100
ASV_322	0	0	1	1	0	0	0	0	35	185	0	0	0	0	0
ASV_211	0	0	33	261	0	0	0	0	46	181	0	0	0	0	0
ASV_497	0	0	10	0	0	0	0	0	77	0	0	0	0	0	0
ASV_197	0	0	55	154	0	0	0	0	123	153	0	0	0	3	111
ASV_794	0	0	2	25	0	0	0	0	0	0	0	0	0	3	0
ASV_227	0	0	10	90	0	0	0	0	18	332	0	0	1	7	1
ASV_1151	0	0	2	0	0	0	0	0	5	0	0	0	0	0	1
ASV_819	0	0	5	0	0	0	0	0	28	0	0	0	0	0	0
ASV_153	0	0	20	352	0	31	0	0	3	677	1	0	3	19	12
ASV_374	0	0	3	0	0	1	0	0	9	0	0	0	0	0	148
ASV_445	0	0	5	16	3	0	0	0	6	71	0	0	3	14	0
ASV_972	0	0	3	0	0	0	0	0	13	0	0	0	0	0	6
ASV_565	0	0	40	0	0	0	0	0	19	0	0	0	0	0	0
ASV_447	0	0	12	0	0	0	0	0	39	0	0	0	0	2	66
ASV_320	0	0	2	20	21	160	0	0	2	8	0	0	0	1	0
ASV_1044	0	0	6	3	0	0	0	0	5	0	0	0	0	0	0
ASV_401	0	0	15	132	0	0	0	0	2	5	0	0	0	0	2
ASV_1147	0	0	6	0	0	0	0	0	1	0	0	0	0	0	5
ASV_347	0	0	82	0	1	0	0	13	0	1	67	12	0	0	14
ASV_666	0	0	35	2	0	0	0	0	9	0	0	0	0	0	1
ASV_483	0	0	11	0	0	0	0	0	2	0	0	0	85	0	0
ASV_625	0	0	21	4	0	0	0	0	7	2	0	0	12	6	38
ASV_259	0	0	3	0	0	0	0	0	0	64	0	0	276	1	0
ASV_87	0	0	21	1	0	0	0	0	98	7	0	0	395	1660	0
ASV_144	0	0	1	0	0	0	0	0	4	1	0	0	0	0	1147
ASV_638	0	0	8	2	0	0	0	0	45	1	0	0	0	0	0
ASV_404	0	0	21	0	0	0	0	0	82	0	0	0	39	0	96
ASV_379	0	0	8	14	5	0	0	0	7	155	0	0	0	0	0
ASV_459	0	0	14	11	0	0	0	0	21	20	0	0	0	0	59
ASV_663	0	0	10	4	1	1	0	0	0	2	0	0	16	13	0
ASV_512	0	0	7	73	0	0	0	0	0	1	0	0	0	4	1
ASV_1129	0	0	3	7	0	0	0	0	0	0	0	0	0	0	0
ASV_440	0	0	2	6	0	0	0	0	0	1	0	0	121	44	0
ASV_693	0	0	12	0	0	0	0	0	24	0	0	0	0	0	7
ASV_495	0	0	16	47	0	0	0	0	7	31	0	0	0	4	0
ASV_340	0	0	13	0	3	0	0	0	36	0	0	0	1	0	139
ASV_1082	0	0	11	1	0	0	0	0	0	0	0	0	0	0	0
ASV_19	0	0	8	5	811	10308	0	0	3	0	0	0	0	14	1
ASV_948	0	0	11	0	0	0	0	0	8	0	0	0	0	0	0
ASV_761	0	0	24	0	0	0	0	0	5	0	0	0	0	0	0
ASV_619	0	0	4	0	0	0	24	1	0	0	2	2	3	0	72
ASV_748	0	0	4	0	0	15	0	0	5	3	0	0	31	3	0
ASV_856	0	0	4	2	0	0	0	0	5	2	0	0	0	0	36
ASV_852	0	0	12	0	0	0	0	0	15	0	0	0	0	0	0
ASV_963	0	0	4	5	0	0	0	0	7	4	0	0	0	0	0
ASV_727	0	0	5	3	0	0	0	0	23	4	0	0	0	1	1
ASV_1128	0	0	3	0	0	0	0	0	6	0	0	0	0	0	0
ASV_226	0	0	18	0	0	0	0	0	306	0	0	0	115	0	0
ASV_214	0	0	3	1	0	0	0	0	1	2	0	0	473	0	0
ASV_60	0	0	9	2950	2	8	0	0	16	769	0	0	0	0	0
ASV_501	0	0	20	3	0	0	0	0	60	11	0	0	0	0	5
ASV_628	0	0	12	12	0	0	0	0	9	7	0	0	11	3	0
ASV_189	0	0	26	11	0	0	0	0	52	18	0	0	444	330	0
ASV_450	0	0	52	15	0	0	0	0	28	17	0	0	0	3	1
ASV_1050	0	0	7	7	0	0	0	0	0	0	0	0	0	3	0
ASV_725	0	0	35	1	0	0	0	0	2	0	0	0	0	0	0
ASV_372	0	0	16	1	0	0	0	0	57	4	0	136	23	0	3
ASV_700	0	0	10	9	13	4	0	0	2	0	0	0	0	0	2
ASV_240	0	0	8	6	0	0	0	0	4	488	0	0	250	21	0
ASV_603	0	0	7	0	0	0	0	0	5	0	0	0	0	0	43
ASV_494	0	0	19	0	0	0	0	0	43	0	0	0	0	0	37
ASV_469	0	0	2	0	48	55	0	0	1	0	0	0	0	0	2
ASV_684	0	0	5	6	0	0	0	0	6	2	0	0	0	0	23
ASV_187	0	0	10	0	0	0	0	0	636	0	0	0	0	0	0
ASV_532	0	0	1	0	0	0	0	0	72	0	0	0	0	0	0
ASV_124	0	0	1	0	0	0	0	0	688	8	559	110	0	0	7
ASV_62	0	0	4	30	4	0	0	0	130	193	0	0	2686	811	0
ASV_732	0	0	4	0	0	0	0	0	18	10	0	0	0	0	0
ASV_797	0	0	31	0	0	0	0	0	0	0	0	0	0	0	0
ASV_892	0	0	1	0	0	0	0	0	2	1	0	0	33	0	0
ASV_1155	0	0	6	0	0	0	0	0	4	0	0	0	0	0	0
ASV_1045	0	0	9	3	0	0	0	0	1	3	0	0	0	0	0
ASV_747	0	0	4	5	1	0	0	0	4	8	0	0	0	0	12
ASV_1089	0	0	7	1	0	0	0	0	0	0	0	0	2	0	0
ASV_865	0	0	5	0	0	0	0	0	1	1	0	0	0	0	19
ASV_128	0	0	2	0	0	1	0	0	0	0	0	0	1	3	1
ASV_1059	0	0	2	0	0	0	0	0	1	2	0	0	0	0	8
ASV_302	0	0	14	74	0	0	0	0	48	103	0	0	1	10	1
ASV_527	0	0	15	46	0	0	0	0	2	19	0	0	0	0	0
ASV_301	0	0	3	0	2	0	0	0	47	0	0	2	116	174	0
ASV_1084	0	0	1	0	0	0	0	0	10	0	0	0	0	0	0
ASV_781	0	0	4	3	0	0	0	0	15	0	0	0	0	0	7
ASV_81	0	0	2	3	4	32	0	0	0	2	0	24	2233	4	2
ASV_833	0	0	13	0	0	0	0	0	0	15	0	0	0	0	0
ASV_915	0	0	4	7	0	0	0	0	3	14	0	0	0	3	0
ASV_762	0	0	6	0	0	0	0	0	1	31	0	0	0	0	0
ASV_967	0	0	7	10	1	1	0	0	1	1	0	0	0	0	0
ASV_741	0	0	6	0	0	0	0	0	30	16	0	0	0	0	1
ASV_814	0	0	3	1	19	0	0	0	0	0	1	0	0	0	3
ASV_329	0	0	19	0	0	0	0	0	25	0	0	0	3	0	154
ASV_768	0	0	2	0	0	0	0	0	29	0	0	0	0	0	0
ASV_981	0	0	1	9	1	3	0	0	1	0	0	0	0	0	0
ASV_1141	0	0	7	1	0	0	0	0	1	2	0	0	0	0	0
ASV_555	0	0	2	30	1	72	0	0	0	17	0	2	0	0	0
ASV_898	0	0	11	2	0	0	0	0	0	7	0	0	0	0	0
ASV_706	0	0	3	6	0	0	0	0	6	25	0	0	1	0	0
ASV_643	0	0	1	0	0	0	0	0	1	5	0	0	38	6	0
ASV_942	0	0	9	0	0	0	0	0	7	1	0	0	1	0	0
ASV_315	0	0	3	0	0	0	0	0	0	0	0	0	0	0	0
ASV_839	0	0	2	0	0	0	0	0	5	0	0	0	2	0	24
ASV_457	0	0	6	105	0	0	0	0	5	0	0	0	0	0	1
ASV_991	0	0	3	0	0	0	0	0	13	6	0	0	0	0	2
ASV_427	0	0	4	6	0	0	0	0	19	5	0	0	123	3	0
ASV_641	0	0	2	3	0	0	0	0	9	3	0	0	2	0	27
ASV_719	0	0	2	8	2	0	0	0	0	20	0	0	2	0	0
ASV_478	0	0	12	13	0	0	0	0	27	53	0	0	0	0	0
ASV_911	0	0	7	1	0	0	0	0	8	3	0	0	2	0	0
ASV_653	0	0	14	32	0	0	0	0	0	2	0	0	0	0	0
ASV_176	0	0	5	508	0	0	0	0	0	219	0	0	0	0	0
ASV_896	0	0	4	0	0	0	0	0	17	0	0	0	8	6	0
ASV_1076	0	0	7	3	0	0	0	0	0	0	0	0	0	0	0
ASV_177	0	0	8	327	0	3	0	0	1	356	0	10	0	6	0
ASV_1159	0	0	1	0	0	0	0	0	1	10	0	0	0	2	1
ASV_890	0	0	3	26	0	0	0	0	0	2	0	0	0	0	0
ASV_258	0	0	1	55	0	0	0	0	0	295	0	0	0	0	0
ASV_709	0	0	6	0	1	0	0	0	0	0	0	0	0	0	41
ASV_670	0	0	2	0	0	0	0	0	0	0	0	0	45	1	0
ASV_923	0	0	2	0	0	0	0	0	0	3	0	0	1	14	0
ASV_1105	0	0	3	3	0	0	0	0	2	4	0	0	1	0	0
ASV_910	0	0	5	10	0	0	0	0	0	5	0	0	0	2	0
ASV_577	0	0	2	1	0	0	0	0	3	0	0	0	0	0	57
ASV_930	0	0	4	11	0	7	0	0	2	0	0	0	0	0	1
ASV_1185	0	0	2	1	0	0	0	0	1	0	0	0	0	0	4
ASV_987	0	0	5	5	0	0	0	0	2	8	0	0	12	3	0
ASV_728	0	0	7	12	0	0	0	0	6	5	0	0	0	0	3
ASV_868	0	0	6	11	0	0	0	0	0	11	0	0	0	0	0
ASV_784	0	0	2	6	0	13	0	0	0	9	0	0	0	0	0
ASV_654	0	0	6	1	0	0	0	0	55	0	0	0	1	0	0
ASV_354	0	0	12	1	0	0	0	0	83	89	0	0	0	0	0
ASV_188	0	0	1	0	0	0	0	0	0	0	0	0	0	0	0
ASV_960	0	0	3	12	0	0	0	0	0	20	0	0	0	0	0
ASV_1095	0	0	2	0	0	0	0	0	0	0	0	0	0	0	15
ASV_1046	0	0	2	0	0	0	0	0	13	0	0	0	0	0	6
ASV_886	0	0	2	0	0	0	0	0	0	0	0	0	11	9	0
ASV_390	0	0	8	0	0	0	0	0	147	0	0	0	0	0	0
ASV_249	0	0	7	6	0	0	0	0	2	3	0	0	331	2	0
ASV_846	0	0	5	0	0	0	0	0	22	1	0	0	0	0	0
ASV_493	0	0	3	0	0	0	0	0	2	0	0	0	90	0	0
ASV_1189	0	0	3	3	0	0	0	0	2	0	0	0	0	0	0
ASV_961	0	0	5	0	0	0	0	0	4	3	0	0	3	0	1
ASV_788	0	0	3	0	0	0	0	0	11	1	0	0	2	0	9
ASV_1172	0	0	2	0	0	0	0	0	0	9	0	0	0	0	0
ASV_757	0	0	5	3	0	0	0	0	9	28	0	0	0	0	0
ASV_940	0	0	2	0	0	0	0	0	15	1	0	0	0	0	0
ASV_228	0	0	2	12	0	0	0	0	62	32	13	189	40	23	59
ASV_50	0	0	1	1	0	0	0	0	0	0	0	0	4269	769	7
ASV_203	0	0	1	0	0	0	0	0	0	0	0	0	79	507	0
ASV_731	0	0	2	0	0	0	0	0	3	0	0	0	0	0	30
ASV_882	0	0	3	20	0	0	0	0	0	0	0	0	0	0	0
ASV_811	0	0	4	23	0	0	0	0	0	0	0	0	0	0	0
ASV_553	0	0	2	15	0	0	0	0	1	11	0	0	33	16	0
ASV_566	0	0	5	0	0	0	0	0	55	0	0	0	1	0	9
ASV_1107	0	0	1	0	0	0	0	0	1	0	0	0	0	0	11
ASV_662	0	0	1	0	0	0	0	0	0	0	0	3	0	0	39
ASV_69	0	0	1	0	53	3285	0	0	0	4	0	1	0	0	0
ASV_557	0	0	4	0	0	0	0	0	0	0	0	0	0	0	61
ASV_592	0	0	2	0	0	0	0	0	2	0	0	0	0	0	50
ASV_545	0	0	4	23	0	0	0	0	11	21	0	0	2	1	8
ASV_1201	0	0	6	1	0	0	0	0	0	3	0	0	0	1	1
ASV_451	0	0	5	25	0	0	0	0	11	22	0	6	7	32	4
ASV_40	0	0	3	18	0	0	0	0	0	81	0	9086	953	30	0
ASV_433	0	0	4	0	0	0	0	0	17	0	0	0	0	0	110
ASV_218	0	0	3	0	0	0	0	0	445	62	0	0	0	0	0
ASV_212	0	0	2	0	0	0	0	0	0	0	0	0	0	0	0
ASV_858	0	0	1	0	0	24	0	0	0	0	0	0	0	0	0
ASV_1007	0	0	1	3	0	0	0	0	3	24	0	0	0	0	1
ASV_245	0	0	5	0	0	0	0	0	368	1	0	0	0	0	0
ASV_745	0	0	1	1	0	3	0	0	3	17	0	0	16	1	0
ASV_528	0	0	6	0	0	0	0	0	23	0	0	0	0	0	47
ASV_753	0	0	10	7	0	1	0	0	4	9	0	0	0	0	0
ASV_1134	0	0	1	5	0	0	0	0	0	6	0	0	0	0	0
ASV_970	0	0	1	0	0	12	0	0	3	3	0	0	0	0	1
ASV_247	0	0	1	378	0	0	0	0	0	0	0	0	0	0	0
ASV_94	0	0	4	0	0	0	0	0	14	0	1	2	9	0	1863
ASV_783	0	0	1	1	0	0	0	0	0	1	0	0	6	34	0
ASV_578	0	0	1	63	0	0	0	0	0	0	0	0	0	0	0
ASV_38	0	0	3	839	18	4915	0	0	8	80	0	0	344	878	0
ASV_947	0	0	3	3	0	2	0	0	0	0	0	0	7	12	0
ASV_796	0	0	2	2	0	15	0	0	0	7	0	0	0	1	0
ASV_595	0	0	4	0	0	0	0	0	19	0	0	0	0	0	33
ASV_692	0	0	3	37	0	0	0	0	0	0	0	0	0	0	0
ASV_637	0	0	8	20	1	9	0	0	2	15	0	0	0	0	0
ASV_815	0	0	1	0	0	0	0	0	8	4	0	0	0	1	17
ASV_823	0	0	4	0	0	0	0	0	9	2	0	0	1	0	9
ASV_597	0	0	2	55	0	0	0	0	1	0	0	0	0	2	0
ASV_922	0	0	1	0	0	0	0	0	2	0	0	0	0	0	17
ASV_734	0	0	1	4	0	0	0	0	0	25	0	0	0	15	0
ASV_533	0	0	6	2	0	0	0	0	6	20	0	1	0	0	44
ASV_1086	0	0	4	1	0	0	0	0	0	11	0	0	7	1	0
ASV_742	0	0	2	28	0	0	0	0	0	4	0	0	0	0	0
ASV_897	0	0	1	0	0	2	0	0	1	0	0	0	15	0	0
ASV_484	0	0	2	0	0	0	0	0	10	0	1	1	0	3	92
ASV_546	0	0	2	8	21	39	0	0	2	3	0	1	1	0	0
ASV_861	0	0	3	0	0	0	0	0	22	1	0	0	0	1	0
ASV_657	0	0	4	0	11	0	0	0	0	0	0	0	0	0	15
ASV_414	0	0	1	61	0	0	0	0	0	0	0	0	7	71	0
ASV_932	0	0	1	2	0	0	0	0	7	13	0	0	1	1	1
ASV_296	0	0	3	1	0	0	0	0	68	180	0	0	0	0	0
ASV_309	0	0	1	99	0	0	0	0	1	136	0	0	0	0	0
ASV_316	0	0	1	0	1	1	0	0	1	0	0	0	0	0	0
ASV_388	0	0	1	0	0	0	0	0	7	0	0	0	136	0	0
ASV_893	0	0	1	2	1	0	0	0	1	13	0	5	0	0	0
ASV_1008	0	0	1	0	0	1	0	0	2	10	0	1	0	0	0
ASV_1071	0	0	1	0	0	0	1	0	1	0	0	0	11	5	5
ASV_720	0	0	2	13	0	0	0	0	11	10	0	0	0	0	1
ASV_705	0	0	4	19	2	1	0	0	11	12	1	0	3	2	0
ASV_701	0	0	4	8	0	0	0	0	10	13	0	0	1	0	2
ASV_202	0	0	1	3	134	35	0	0	3	4	0	387	0	0	1
ASV_604	0	0	1	65	0	0	0	0	4	35	0	0	0	0	2
ASV_724	0	0	1	0	0	0	0	0	0	0	0	0	1	0	35
ASV_277	0	0	3	0	0	0	0	0	28	0	0	0	0	0	279
ASV_295	0	0	1	39	10	206	0	0	0	5	0	0	5	4	0
ASV_20	0	0	1	0	178	318	0	0	0	1	0	0	199	10799	2
ASV_989	0	0	2	1	0	0	0	0	2	2	0	0	0	0	8
ASV_1049	0	0	1	0	0	0	5	0	5	0	1	0	0	0	3
ASV_1150	0	0	1	0	0	0	0	0	0	0	0	0	0	0	8
ASV_108	0	0	2	0	0	1470	0	0	0	0	7	3	81	0	1
ASV_590	0	0	1	26	0	0	0	0	2	19	0	0	1	12	0
ASV_765	0	0	4	0	0	0	0	0	22	0	0	0	0	0	7
ASV_937	0	0	1	18	0	0	0	0	0	0	0	0	2	0	0
ASV_568	0	0	4	0	0	0	0	0	0	0	0	0	0	0	0
ASV_1092	0	0	2	0	0	0	0	0	0	2	0	0	7	0	0
ASV_365	0	0	1	3	0	0	0	0	0	11	0	0	141	24	0
ASV_526	0	0	2	57	0	0	0	0	0	5	0	0	15	3	0
ASV_884	0	0	1	7	0	0	0	0	0	4	0	2	0	2	4
ASV_584	0	0	1	26	0	0	0	0	0	0	0	3	0	35	0
ASV_297	0	0	4	0	0	1	0	0	1	0	35	4	0	0	228
ASV_598	0	0	1	0	0	0	0	0	51	1	0	0	0	0	1
ASV_944	0	0	2	0	0	0	0	0	3	0	0	0	0	0	25
ASV_900	0	0	2	0	0	0	0	0	1	1	0	0	21	0	0
ASV_575	0	0	4	28	0	0	0	0	1	33	0	0	0	0	0
ASV_764	0	0	1	36	0	0	0	0	0	0	0	0	0	0	0
ASV_785	0	0	2	0	0	0	0	0	16	4	0	0	1	0	5
ASV_561	0	0	1	0	0	0	0	0	0	0	0	0	1	0	67
ASV_291	0	0	1	4	0	0	0	0	4	24	0	0	163	71	0
ASV_1034	0	0	1	1	0	0	0	0	3	1	1	0	3	0	3
ASV_873	0	0	1	0	0	0	0	0	0	0	0	0	21	0	0
ASV_1010	0	0	1	0	0	0	0	0	9	2	0	0	0	0	2
ASV_1068	0	0	1	0	0	0	0	0	0	0	0	0	0	0	0
ASV_1091	0	0	1	0	0	0	0	0	1	4	0	0	0	0	6
ASV_1027	0	0	1	0	0	0	0	0	0	1	0	0	0	0	15
ASV_809	0	0	4	0	0	0	0	0	7	0	0	0	6	0	10
ASV_665	0	0	1	3	0	0	0	0	12	3	0	0	1	0	25
ASV_246	0	0	1	1	0	0	0	0	35	27	4	246	15	23	14
ASV_540	0	0	1	0	0	0	0	0	36	7	0	0	3	1	36
ASV_1048	0	0	2	1	0	0	0	0	0	0	0	0	0	0	14
ASV_1193	0	0	1	0	0	0	0	0	1	0	0	0	0	0	13
ASV_1176	0	0	1	0	0	0	0	0	5	2	0	0	1	0	0
ASV_1087	0	0	2	0	0	0	0	0	1	0	0	0	0	0	8
ASV_387	0	0	1	14	0	0	0	0	1	1	0	0	161	2	0
ASV_774	0	0	2	19	1	7	0	0	0	0	0	0	0	0	0
ASV_452	0	0	1	0	0	0	0	0	10	0	0	0	1	0	121
ASV_381	0	0	0	161	0	0	0	0	0	0	0	0	0	0	2
ASV_24	0	0	0	8040	0	0	0	0	0	1788	0	0	0	0	0
ASV_196	0	0	0	596	2	0	0	0	0	0	0	0	0	0	0
ASV_257	0	0	0	354	0	0	0	0	0	1	0	0	0	0	0
ASV_52	0	0	0	7	0	0	0	0	0	0	0	0	10	6	0
ASV_182	0	0	0	383	0	0	0	0	29	281	0	0	0	0	0
ASV_403	0	0	0	150	0	5	0	0	0	0	0	0	0	0	0
ASV_564	0	0	0	75	0	0	0	0	3	22	0	0	29	0	0
ASV_631	0	0	0	44	0	0	0	0	0	0	0	0	0	0	4
ASV_434	0	0	0	26	0	0	0	0	0	88	0	0	1	0	0
ASV_306	0	0	0	224	0	0	0	0	0	0	0	4	0	0	0
ASV_242	0	0	0	316	0	0	0	0	0	71	0	0	0	0	0
ASV_312	0	0	0	229	0	0	0	0	0	1	0	0	0	0	0
ASV_268	0	0	0	157	0	0	0	0	0	138	0	0	0	30	0
ASV_158	0	0	0	54	5	790	0	0	0	42	0	0	0	1	0
ASV_990	0	0	0	10	0	0	0	0	0	3	0	0	1	1	0
ASV_231	0	0	0	412	0	0	0	0	0	27	0	0	11	3	0
ASV_548	0	0	0	68	0	0	0	0	0	17	0	0	0	0	0
ASV_767	0	0	0	23	0	0	0	0	0	10	0	0	0	0	0
ASV_1123	0	0	0	8	0	0	0	0	0	2	0	0	0	0	0
ASV_589	0	0	0	52	0	0	0	0	1	4	0	0	0	0	0
ASV_1031	0	0	0	3	0	0	0	0	0	1	0	0	1	15	0
ASV_695	0	0	0	43	0	0	0	0	0	0	0	0	0	0	0
ASV_574	0	0	0	62	0	0	0	0	0	2	0	0	0	0	0
ASV_618	0	0	0	36	0	0	0	0	0	0	0	0	0	15	0
ASV_1190	0	0	0	1	0	0	0	0	4	3	0	0	0	0	1
ASV_969	0	0	0	3	0	0	0	0	2	5	0	0	8	0	0
ASV_1004	0	0	0	5	0	0	0	0	0	10	0	0	0	0	0
ASV_624	0	0	0	30	0	0	0	0	0	26	0	0	0	0	0
ASV_889	0	0	0	19	0	0	0	0	0	0	0	0	1	1	0
ASV_609	0	0	0	35	0	0	0	0	0	17	0	7	0	0	0
ASV_252	0	0	0	76	0	0	0	0	15	62	0	0	236	0	0
ASV_902	0	0	0	19	0	0	0	0	0	0	0	0	0	0	0
ASV_36	0	0	0	44	0	0	0	0	0	83	475	6593	0	2	0
ASV_847	0	0	0	24	0	0	0	0	0	1	0	0	0	0	0
ASV_210	0	0	0	10	0	0	0	0	0	0	0	514	0	0	0
ASV_1178	0	0	0	9	0	0	0	0	0	0	0	0	0	0	0
ASV_391	0	0	0	44	0	0	0	0	16	92	0	0	0	0	0
ASV_723	0	0	0	31	0	0	0	0	0	6	0	0	0	0	0
ASV_522	0	0	0	61	0	0	0	0	0	15	0	0	0	0	2
ASV_139	0	0	0	35	0	0	0	0	0	19	0	0	30	1153	0
ASV_579	0	0	0	7	0	1	0	0	0	0	5	41	0	0	10
ASV_1198	0	0	0	9	0	1	0	0	2	4	0	0	0	0	0
ASV_645	0	0	0	4	0	0	0	0	0	0	41	9	0	0	5
ASV_795	0	0	0	29	0	0	0	0	0	0	0	0	9	2	0
ASV_1074	0	0	0	10	0	0	0	0	0	0	0	0	0	0	0
ASV_588	0	0	0	13	2	43	0	0	0	2	0	0	0	0	0
ASV_661	0	0	0	46	0	0	0	0	0	0	0	0	0	0	0
ASV_825	0	0	0	9	0	0	0	0	4	13	0	0	0	3	0
ASV_42	0	0	0	8	26	2	0	0	2	27	58	6558	14	0	0
ASV_758	0	0	0	28	0	0	0	0	0	2	0	0	0	0	0
ASV_1113	0	0	0	3	0	7	0	0	1	0	0	0	5	1	0
ASV_906	0	0	0	12	0	1	0	0	0	2	0	0	0	7	0
ASV_289	0	0	0	16	0	50	0	0	0	0	0	183	0	3	0
ASV_519	0	0	0	13	3	72	0	0	0	4	0	0	0	0	0
ASV_470	0	0	0	4	6	15	0	0	3	3	0	75	0	2	0
ASV_83	0	0	0	1	0	0	0	0	0	1166	0	861	0	0	0
ASV_679	0	0	0	4	0	0	0	0	0	37	0	0	0	0	2
ASV_820	0	0	0	24	0	0	0	0	1	5	0	0	0	0	0
ASV_1039	0	0	0	12	0	0	0	0	0	0	0	0	0	0	0
ASV_916	0	0	0	23	0	0	0	0	0	0	0	0	0	0	0
ASV_1051	0	0	0	8	0	0	0	0	0	0	0	0	0	4	0
ASV_656	0	0	0	23	0	0	0	0	0	29	0	0	0	0	0
ASV_881	0	0	0	15	0	0	0	0	0	2	0	0	0	5	0
ASV_935	0	0	0	2	0	6	0	0	0	0	0	0	12	1	0
ASV_804	0	0	0	2	0	19	0	0	0	1	0	0	3	3	0
ASV_840	0	0	0	2	0	0	0	0	8	14	0	0	0	0	6
ASV_371	0	0	0	2	0	0	0	0	0	0	0	0	151	19	0
ASV_1079	0	0	0	3	0	0	0	0	0	0	0	0	14	3	0
ASV_965	0	0	0	1	0	0	0	0	0	4	0	0	5	22	0
ASV_895	0	0	0	3	0	0	0	0	0	0	0	0	14	4	0
ASV_1104	0	0	0	3	0	0	0	0	0	14	0	0	0	0	0
ASV_481	0	0	0	2	7	96	0	0	0	2	0	2	0	0	0
ASV_918	0	0	0	6	0	0	0	0	0	6	0	0	11	1	0
ASV_891	0	0	0	1	0	0	0	0	0	1	0	0	0	0	0
ASV_571	0	0	0	1	0	0	0	0	1	0	9	15	0	0	72
ASV_1055	0	0	0	1	0	0	0	0	0	0	0	0	0	0	0
ASV_441	0	0	0	7	0	61	0	0	0	0	0	49	0	0	0
ASV_919	0	0	0	1	0	0	0	0	0	19	0	0	0	1	0
ASV_980	0	0	0	1	0	0	0	0	7	3	0	0	0	0	7
ASV_1165	0	0	0	1	0	0	5	1	0	0	0	0	0	0	2
ASV_696	0	0	0	1	0	0	0	0	0	0	0	0	0	0	0
ASV_1156	0	0	0	11	0	0	0	0	0	0	0	0	0	0	0
ASV_462	0	0	0	3	0	0	0	0	0	105	0	0	1	1	0
ASV_1021	0	0	0	1	0	0	0	0	1	3	0	0	2	0	7
ASV_1099	0	0	0	10	0	0	0	0	0	0	0	0	0	0	0
ASV_423	0	0	0	6	0	0	0	0	56	74	0	0	0	0	0
ASV_1100	0	0	0	9	0	0	0	0	0	0	0	1	0	0	0
ASV_914	0	0	0	1	0	18	0	0	0	1	0	1	0	0	0
ASV_237	0	0	0	1	0	0	0	0	3	4	0	0	331	114	0
ASV_276	0	0	0	1	0	0	0	0	0	196	0	109	0	1	0
ASV_502	0	0	0	2	0	0	0	0	0	0	0	0	82	1	0
ASV_699	0	0	0	1	0	0	0	0	1	1	0	32	0	9	2
ASV_521	0	0	0	2	0	0	0	0	0	0	0	0	25	54	0
ASV_1125	0	0	0	2	0	0	0	0	0	11	0	0	0	0	0
ASV_224	0	0	0	1	3	452	0	0	0	0	0	0	0	0	0
ASV_1018	0	0	0	1	0	0	0	0	4	12	0	0	0	0	0
ASV_593	0	0	0	2	0	0	0	0	0	1	0	0	0	0	0
ASV_848	0	0	0	3	0	2	0	0	0	0	0	0	14	7	0
ASV_1116	0	0	0	1	0	0	0	0	0	1	0	0	0	8	0
ASV_1109	0	0	0	1	0	0	0	0	0	9	0	0	0	1	0
ASV_141	0	0	0	1	0	0	0	0	0	0	0	0	31	1182	0
ASV_64	0	0	0	0	3716	15	0	0	16	6	0	0	2	2	0
ASV_145	0	0	0	0	1115	31	0	0	0	2	0	0	2	0	0
ASV_113	0	0	0	0	55	1503	0	0	0	0	0	0	0	0	1
ASV_671	0	0	0	0	29	19	0	0	0	0	0	0	0	1	0
ASV_186	0	0	0	0	7	614	0	0	0	0	0	0	0	0	0
ASV_146	0	0	0	0	1081	45	0	0	0	1	0	0	1	0	0
ASV_285	0	0	0	0	248	48	0	0	0	0	0	0	0	0	0
ASV_131	0	0	0	0	16	1301	0	0	2	0	0	0	0	0	0
ASV_1132	0	0	0	0	12	0	0	0	0	0	0	0	0	0	0
ASV_962	0	0	0	0	10	3	0	0	0	0	4	1	0	0	0
ASV_523	0	0	0	0	55	22	0	0	0	0	0	0	0	0	15
ASV_928	0	0	0	0	6	0	4	0	11	0	0	0	0	0	0
ASV_235	0	0	0	0	8	409	0	0	0	0	0	0	5	0	0
ASV_426	0	0	0	0	20	110	0	0	0	0	0	0	0	0	0
ASV_543	0	0	0	0	26	14	0	0	0	0	0	0	0	75	0
ASV_951	0	0	0	0	1	0	0	0	0	0	10	7	1	0	1
ASV_769	0	0	0	0	4	25	0	0	0	0	0	0	0	0	0
ASV_853	0	0	0	0	5	16	0	0	0	0	0	0	0	0	0
ASV_1126	0	0	0	0	11	0	0	0	0	0	0	0	0	0	3
ASV_464	0	0	0	0	1	0	0	0	0	0	0	1	0	0	103
ASV_465	0	0	0	0	3	13	0	0	0	0	0	89	0	2	3
ASV_688	0	0	0	0	1	5	0	0	0	0	0	0	0	0	0
ASV_738	0	0	0	0	1	2	0	0	0	0	5	5	0	0	1
ASV_1161	0	0	0	0	5	6	0	0	0	0	0	0	0	0	0
ASV_1162	0	0	0	0	6	0	0	0	0	0	2	0	0	0	0
ASV_677	0	0	0	0	4	0	0	0	23	0	0	0	59	1	0
ASV_314	0	0	0	0	6	0	0	0	1	4	0	0	0	0	0
ASV_168	0	0	0	0	2	2	0	0	0	0	0	0	0	0	0
ASV_346	0	0	0	0	3	0	0	0	0	1	0	0	0	0	0
ASV_350	0	0	0	0	2	181	0	0	0	0	0	0	0	0	0
ASV_616	0	0	0	0	1	0	0	0	0	0	0	0	0	0	0
ASV_806	0	0	0	0	1	0	0	0	0	0	0	0	0	0	23
ASV_610	0	0	0	0	1	0	0	0	2	0	6	1	1	0	50
ASV_167	0	0	0	0	2	0	0	0	2	0	0	0	0	0	860
ASV_181	0	0	0	0	4	686	0	0	0	0	0	0	0	0	0
ASV_369	0	0	0	0	1	160	0	0	2	3	0	0	0	0	0
ASV_57	0	0	0	0	0	4283	0	0	65	0	0	0	26	7	0
ASV_225	0	0	0	0	0	282	0	0	0	96	0	0	1	73	0
ASV_1118	0	0	0	0	0	10	0	0	0	0	0	0	0	0	0
ASV_559	0	0	0	0	0	71	0	0	0	0	0	0	0	0	0
ASV_838	0	0	0	0	0	25	0	0	0	0	0	0	3	0	0
ASV_854	0	0	0	0	0	1	0	0	0	0	0	0	4	26	0
ASV_570	0	0	0	0	0	33	0	0	0	5	0	3	0	31	0
ASV_1127	0	0	0	0	0	3	0	0	2	1	0	0	1	1	3
ASV_867	0	0	0	0	0	22	0	0	0	0	0	0	0	0	0
ASV_982	0	0	0	0	0	7	0	0	0	1	0	0	8	0	0
ASV_1157	0	0	0	0	0	11	0	0	0	0	0	0	1	0	0
ASV_799	0	0	0	0	0	30	0	0	0	0	0	0	0	0	0
ASV_256	0	0	0	0	0	1	0	0	0	0	335	48	0	0	0
ASV_776	0	0	0	0	0	11	0	0	0	8	8	16	0	0	6
ASV_949	0	0	0	0	0	17	0	0	8	0	0	0	0	0	0
ASV_420	0	0	0	0	0	1	0	0	0	3	26	105	0	0	0
ASV_860	0	0	0	0	0	23	0	0	0	0	0	0	0	0	0
ASV_1187	0	0	0	0	0	9	0	0	0	0	0	0	0	0	0
ASV_835	0	0	0	0	0	25	0	0	0	0	0	0	0	0	0
ASV_978	0	0	0	0	0	1	12	0	2	0	3	0	0	0	0
ASV_560	0	0	0	0	0	3	0	0	0	0	3	55	0	0	0
ASV_786	0	0	0	0	0	1	0	0	0	0	0	0	24	5	0
ASV_755	0	0	0	0	0	2	0	0	0	0	0	0	0	0	0
ASV_16	0	0	0	0	0	4	0	0	0	0	540	13465	0	0	0
ASV_1081	0	0	0	0	0	1	0	0	0	0	0	0	0	0	0
ASV_1137	0	0	0	0	0	3	0	0	0	0	0	0	7	0	0
ASV_183	0	0	0	0	0	2	0	0	0	0	0	0	0	0	0
ASV_1145	0	0	0	0	0	2	0	0	0	9	0	0	0	0	0
ASV_431	0	0	0	0	0	0	127	1	0	0	0	0	0	0	0
ASV_72	0	0	0	0	0	0	174	3163	0	4	0	0	1	3	0
ASV_178	0	0	0	0	0	0	25	769	0	0	0	0	0	0	0
ASV_332	0	0	0	0	0	0	10	279	0	0	0	0	0	0	0
ASV_778	0	0	0	0	0	0	6	1	0	0	0	0	0	0	1
ASV_945	0	0	0	0	0	0	4	4	0	0	8	10	0	0	0
ASV_406	0	0	0	0	0	0	0	0	87	0	0	0	0	0	44
ASV_260	0	0	0	0	0	0	0	0	334	0	0	0	0	0	0
ASV_690	0	0	0	0	0	0	0	0	41	0	0	0	4	1	0
ASV_248	0	0	0	0	0	0	0	0	371	5	0	0	0	0	0
ASV_385	0	0	0	0	0	0	0	0	156	0	0	0	0	0	0
ASV_120	0	0	0	0	0	0	0	0	1226	0	0	0	0	0	148
ASV_142	0	0	0	0	0	0	0	0	941	0	0	0	0	0	243
ASV_929	0	0	0	0	0	0	0	0	10	0	0	0	0	0	11
ASV_766	0	0	0	0	0	0	0	0	11	0	0	0	19	4	0
ASV_99	0	0	0	0	0	0	0	0	154	7	2	1	3	0	1743
ASV_760	0	0	0	0	0	0	0	0	35	0	0	0	0	0	0
ASV_880	0	0	0	0	0	0	0	0	20	0	0	0	0	0	0
ASV_336	0	0	0	0	0	0	0	0	183	1	0	0	0	0	3
ASV_1200	0	0	0	0	0	0	0	0	10	0	0	0	0	0	0
ASV_737	0	0	0	0	0	0	0	0	46	0	0	0	0	0	0
ASV_525	0	0	0	0	0	0	0	0	66	16	0	0	0	0	0
ASV_448	0	0	0	0	0	0	0	0	36	11	0	0	4	0	76
ASV_736	0	0	0	0	0	0	0	0	36	0	0	0	0	0	0
ASV_917	0	0	0	0	0	0	0	0	23	0	0	0	0	0	0
ASV_435	0	0	0	0	0	0	0	0	10	5	0	0	215	3	0
ASV_535	0	0	0	0	0	0	0	0	22	0	0	0	0	0	47
ASV_397	0	0	0	0	0	0	0	0	12	0	0	0	131	0	0
ASV_843	0	0	0	0	0	0	0	0	4	2	16	3	0	0	1
ASV_1072	0	0	0	0	0	0	0	0	12	0	0	9	0	0	0
ASV_953	0	0	0	0	0	0	0	0	3	0	0	0	0	0	15
ASV_904	0	0	0	0	0	0	0	0	12	0	0	0	2	0	4
ASV_682	0	0	0	0	0	0	0	0	36	0	0	0	0	0	4
ASV_1009	0	0	0	0	0	0	0	0	15	0	0	0	3	0	0
ASV_468	0	0	0	0	0	0	0	0	1	0	47	60	0	0	1
ASV_756	0	0	0	0	0	0	0	0	25	6	0	0	0	0	0
ASV_674	0	0	0	0	0	0	0	0	29	22	0	0	0	0	0
ASV_581	0	0	0	0	0	0	0	0	56	0	0	0	0	0	1
ASV_1143	0	0	0	0	0	0	0	0	2	7	0	0	0	0	0
ASV_711	0	0	0	0	0	0	0	0	7	6	0	0	6	16	0
ASV_327	0	0	0	0	0	0	0	0	6	0	0	0	0	0	210
ASV_1180	0	0	0	0	0	0	0	0	4	0	0	0	0	0	7
ASV_687	0	0	0	0	0	0	0	0	1	0	0	0	0	0	40
ASV_802	0	0	0	0	0	0	0	0	1	2	0	0	0	0	27
ASV_979	0	0	0	0	0	0	0	0	34	0	0	0	0	0	0
ASV_669	0	0	0	0	0	0	0	0	1	0	0	0	43	0	0
ASV_233	0	0	0	0	0	0	0	0	38	370	0	0	0	0	0
ASV_270	0	0	0	0	0	0	0	0	15	0	0	0	0	0	4
ASV_1110	0	0	0	0	0	0	0	0	12	0	0	0	0	0	0
ASV_185	0	0	0	0	0	0	0	0	8	0	1	0	0	0	633
ASV_1005	0	0	0	0	0	0	0	0	15	0	0	0	0	0	0
ASV_456	0	0	0	0	0	0	0	0	3	0	1	0	2	0	105
ASV_1032	0	0	0	0	0	0	0	0	6	6	0	0	0	0	0
ASV_1012	0	0	0	0	0	0	0	0	13	0	0	0	0	0	2
ASV_1191	0	0	0	0	0	0	0	0	9	1	0	0	0	0	0
ASV_955	0	0	0	0	0	0	0	0	15	0	0	0	0	0	1
ASV_1168	0	0	0	0	0	0	0	0	5	0	0	0	0	0	4
ASV_31	0	0	0	0	0	0	0	0	8	1	0	0	0	0	0
ASV_925	0	0	0	0	0	0	0	0	12	0	0	0	6	0	0
ASV_1090	0	0	0	0	0	0	0	0	16	0	0	0	0	0	0
ASV_836	0	0	0	0	0	0	0	0	25	0	0	0	0	0	0
ASV_714	0	0	0	0	0	0	0	0	14	0	0	0	5	0	18
ASV_1199	0	0	0	0	0	0	0	0	9	1	0	0	0	0	0
ASV_1194	0	0	0	0	0	0	0	0	3	0	0	0	4	5	0
ASV_1153	0	0	0	0	0	0	0	0	4	4	0	0	0	0	0
ASV_1060	0	0	0	0	0	0	0	0	1	0	0	2	0	0	9
ASV_913	0	0	0	0	0	0	0	0	2	0	0	0	22	0	0
ASV_864	0	0	0	0	0	0	0	0	5	0	0	0	0	0	20
ASV_466	0	0	0	0	0	0	0	0	1	0	0	0	0	0	0
ASV_813	0	0	0	0	0	0	0	0	15	0	0	0	0	0	16
ASV_681	0	0	0	0	0	0	0	0	1	0	0	0	0	0	43
ASV_121	0	0	0	0	0	0	0	0	1	656	0	0	127	602	0
ASV_1124	0	0	0	0	0	0	0	0	3	3	0	0	3	1	0
ASV_1136	0	0	0	0	0	0	0	0	2	1	0	0	11	0	0
ASV_1093	0	0	0	0	0	0	0	0	1	0	0	0	0	0	0
ASV_1195	0	0	0	0	0	0	0	0	2	0	0	0	0	0	9
ASV_1158	0	0	0	0	0	0	0	0	3	1	0	0	5	0	1
ASV_1171	0	0	0	0	0	0	0	0	1	0	0	0	1	0	6
ASV_1016	0	0	0	0	0	0	0	0	2	2	0	0	7	7	1
ASV_636	0	0	0	0	0	0	0	0	2	0	0	0	0	0	49
ASV_1130	0	0	0	0	0	0	0	0	2	0	0	0	0	0	7
ASV_1073	0	0	0	0	0	0	0	0	2	1	0	0	5	3	0
ASV_422	0	0	0	0	0	0	0	0	2	0	0	0	0	0	139
ASV_749	0	0	0	0	0	0	0	0	3	0	0	0	0	0	31
ASV_241	0	0	0	0	0	0	0	0	2	0	0	0	382	0	0
ASV_623	0	0	0	0	0	0	0	0	1	0	0	0	0	0	50
ASV_729	0	0	0	0	0	0	0	0	1	0	0	0	35	0	0
ASV_90	0	0	0	0	0	0	0	0	1	0	0	0	0	0	10
ASV_496	0	0	0	0	0	0	0	0	1	0	0	0	1	0	91
ASV_1167	0	0	0	0	0	0	0	0	1	0	0	0	0	0	9
ASV_395	0	0	0	0	0	0	0	0	1	1	0	0	168	6	0
ASV_556	0	0	0	0	0	0	0	0	1	0	0	0	0	0	0
ASV_985	0	0	0	0	0	0	0	0	1	0	0	0	14	0	0
ASV_518	0	0	0	0	0	0	0	0	1	0	0	0	1	0	0
ASV_367	0	0	0	0	0	0	0	0	1	0	0	0	0	0	164
ASV_382	0	0	0	0	0	0	0	0	3	0	0	0	38	116	1
ASV_777	0	0	0	0	0	0	0	0	1	0	0	0	0	0	26
ASV_75	0	0	0	0	0	0	0	0	0	2782	0	0	0	0	0
ASV_1064	0	0	0	0	0	0	0	0	0	2	0	0	0	0	17
ASV_364	0	0	0	0	0	0	0	0	0	175	0	0	0	0	0
ASV_490	0	0	0	0	0	0	0	0	0	97	0	0	0	0	0
ASV_617	0	0	0	0	0	0	0	0	0	40	0	5	5	1	0
ASV_416	0	0	0	0	0	0	0	0	0	85	0	97	0	0	0
ASV_650	0	0	0	0	0	0	0	0	0	45	0	0	0	1	0
ASV_375	0	0	0	0	0	0	0	0	0	176	0	0	0	0	0
ASV_899	0	0	0	0	0	0	0	0	0	20	0	0	0	0	0
ASV_1028	0	0	0	0	0	0	0	0	0	13	0	0	0	0	0
ASV_830	0	0	0	0	0	0	0	0	0	24	0	0	0	0	0
ASV_398	0	0	0	0	0	0	0	0	0	1	0	0	146	0	0
ASV_1163	0	0	0	0	0	0	0	0	0	8	0	0	0	0	0
ASV_1077	0	0	0	0	0	0	0	0	0	1	0	0	0	0	13
ASV_730	0	0	0	0	0	0	0	0	0	1	0	0	6	24	0
ASV_587	0	0	0	0	0	0	0	0	0	2	0	0	34	20	0
ASV_193	0	0	0	0	0	0	0	0	0	2	0	593	0	10	0
ASV_787	0	0	0	0	0	0	0	0	0	3	0	0	22	6	0
ASV_927	0	0	0	0	0	0	0	0	0	1	0	0	0	20	0
ASV_1175	0	0	0	0	0	0	0	0	0	1	0	0	0	0	0
ASV_620	0	0	0	0	0	0	0	0	0	1	10	15	2	0	37
ASV_417	0	0	0	0	0	0	0	0	0	1	0	0	0	0	0
ASV_1197	0	0	0	0	0	0	0	0	0	1	0	0	0	0	0
ASV_1170	0	0	0	0	0	0	0	0	0	2	0	0	0	6	3
ASV_159	0	0	0	0	0	0	0	0	0	0	948	238	0	0	0
ASV_265	0	0	0	0	0	0	0	0	0	0	323	5	0	0	6
ASV_91	0	0	0	0	0	0	0	0	0	0	9	7	1	0	1897
ASV_313	0	0	0	0	0	0	0	0	0	0	236	0	0	0	0
ASV_673	0	0	0	0	0	0	0	0	0	0	38	4	0	0	0
ASV_446	0	0	0	0	0	0	0	0	0	0	81	33	0	0	0
ASV_632	0	0	0	0	0	0	0	0	0	0	58	2	0	0	0
ASV_1026	0	0	0	0	0	0	0	0	0	0	13	2	0	0	0
ASV_1119	0	0	0	0	0	0	0	0	0	0	3	7	0	0	0
ASV_818	0	0	0	0	0	0	0	0	0	0	3	1	0	0	23
ASV_630	0	0	0	0	0	0	0	0	0	0	1	53	0	0	0
ASV_621	0	0	0	0	0	0	0	0	0	0	2	1	1	0	53
ASV_759	0	0	0	0	0	0	0	0	0	0	2	4	0	0	44
ASV_1065	0	0	0	0	0	0	0	0	0	0	2	10	0	0	0
ASV_834	0	0	0	0	0	0	0	0	0	0	1	3	0	0	41
ASV_1183	0	0	0	0	0	0	0	0	0	0	1	0	0	0	0
ASV_558	0	0	0	0	0	0	0	0	0	0	0	50	1	16	0
ASV_1192	0	0	0	0	0	0	0	0	0	0	0	11	0	0	0
ASV_1177	0	0	0	0	0	0	0	0	0	0	0	5	4	1	0
ASV_102	0	0	0	0	0	0	0	0	0	0	0	2	1607	0	0
ASV_68	0	0	0	0	0	0	0	0	0	0	0	7	0	0	0
ASV_1160	0	0	0	0	0	0	0	0	0	0	0	1	0	0	10
ASV_943	0	0	0	0	0	0	0	0	0	0	0	1	6	14	0
ASV_195	0	0	0	0	0	0	0	0	0	0	0	0	264	792	0
ASV_107	0	0	0	0	0	0	0	0	0	0	0	0	1554	1	0
ASV_164	0	0	0	0	0	0	0	0	0	0	0	0	820	1	0
ASV_239	0	0	0	0	0	0	0	0	0	0	0	0	209	195	1
ASV_334	0	0	0	0	0	0	0	0	0	0	0	0	335	9	0
ASV_174	0	0	0	0	0	0	0	0	0	0	0	0	674	20	0
ASV_111	0	0	0	0	0	0	0	0	0	0	0	0	1196	330	1
ASV_393	0	0	0	0	0	0	0	0	0	0	0	0	203	1	0
ASV_514	0	0	0	0	0	0	0	0	0	0	0	0	87	0	0
ASV_161	0	0	0	0	0	0	0	0	0	0	0	0	216	633	0
ASV_901	0	0	0	0	0	0	0	0	0	0	0	0	20	1	0
ASV_712	0	0	0	0	0	0	0	0	0	0	0	0	33	4	0
ASV_408	0	0	0	0	0	0	0	0	0	0	0	0	230	2	0
ASV_489	0	0	0	0	0	0	0	0	0	0	0	0	76	21	0
ASV_810	0	0	0	0	0	0	0	0	0	0	0	0	27	1	0
ASV_509	0	0	0	0	0	0	0	0	0	0	0	0	82	0	0
ASV_510	0	0	0	0	0	0	0	0	0	0	0	0	109	5	0
ASV_112	0	0	0	0	0	0	0	0	0	0	0	0	425	1138	0
ASV_993	0	0	0	0	0	0	0	0	0	0	0	0	19	1	0
ASV_236	0	0	0	0	0	0	0	0	0	0	0	0	396	2	0
ASV_18	0	0	0	0	0	0	0	0	0	0	0	0	433	11491	0
ASV_328	0	0	0	0	0	0	0	0	0	0	0	0	206	0	0
ASV_219	0	0	0	0	0	0	0	0	0	0	0	0	60	418	0
ASV_266	0	0	0	0	0	0	0	0	0	0	0	0	339	7	0
ASV_207	0	0	0	0	0	0	0	0	0	0	0	0	522	4	0
ASV_488	0	0	0	0	0	0	0	0	0	0	0	0	87	3	2
ASV_939	0	0	0	0	0	0	0	0	0	0	0	0	17	0	0
ASV_733	0	0	0	0	0	0	0	0	0	0	0	0	9	26	0
ASV_715	0	0	0	0	0	0	0	0	0	0	0	0	36	0	0
ASV_506	0	0	0	0	0	0	0	0	0	0	0	0	80	0	0
ASV_908	0	0	0	0	0	0	0	0	0	0	0	0	19	1	0
ASV_542	0	0	0	0	0	0	0	0	0	0	0	0	87	0	0
ASV_505	0	0	0	0	0	0	0	0	0	0	0	0	82	4	0
ASV_243	0	0	0	0	0	0	0	0	0	0	0	0	375	60	0
ASV_342	0	0	0	0	0	0	0	0	0	0	0	0	3	190	0
ASV_646	0	0	0	0	0	0	0	0	0	0	0	0	48	2	0
ASV_851	0	0	0	0	0	0	0	0	0	0	0	0	24	0	0
ASV_530	0	0	0	0	0	0	0	0	0	0	0	0	60	22	0
ASV_500	0	0	0	0	0	0	0	0	0	0	0	0	79	58	0
ASV_827	0	0	0	0	0	0	0	0	0	0	0	0	28	0	3
ASV_934	0	0	0	0	0	0	0	0	0	0	0	0	29	0	0
ASV_971	0	0	0	0	0	0	0	0	0	0	0	0	2	20	0
ASV_513	0	0	0	0	0	0	0	0	0	0	0	0	81	0	0
ASV_652	0	0	0	0	0	0	0	0	0	0	0	0	39	13	0
ASV_722	0	0	0	0	0	0	0	0	0	0	0	0	35	0	0
ASV_862	0	0	0	0	0	0	0	0	0	0	0	0	24	0	0
ASV_1040	0	0	0	0	0	0	0	0	0	0	0	0	15	3	0
ASV_888	0	0	0	0	0	0	0	0	0	0	0	0	17	3	0
ASV_726	0	0	0	0	0	0	0	0	0	0	0	0	41	0	0
ASV_1013	0	0	0	0	0	0	0	0	0	0	0	0	15	1	0
ASV_780	0	0	0	0	0	0	0	0	0	0	0	0	43	1	2
ASV_1117	0	0	0	0	0	0	0	0	0	0	0	0	20	0	0
ASV_473	0	0	0	0	0	0	0	0	0	0	0	0	93	4	0
ASV_368	0	0	0	0	0	0	0	0	0	0	0	0	43	133	0
ASV_878	0	0	0	0	0	0	0	0	0	0	0	0	21	0	0
ASV_261	0	0	0	0	0	0	0	0	0	0	0	0	34	308	0
ASV_1041	0	0	0	0	0	0	0	0	0	0	0	0	18	0	0
ASV_659	0	0	0	0	0	0	0	0	0	0	0	0	46	0	0
ASV_775	0	0	0	0	0	0	0	0	0	0	0	0	25	4	0
ASV_894	0	0	0	0	0	0	0	0	0	0	0	0	21	0	0
ASV_278	0	0	0	0	0	0	0	0	0	0	0	0	2	0	0
ASV_1003	0	0	0	0	0	0	0	0	0	0	0	0	18	0	0
ASV_318	0	0	0	0	0	0	0	0	0	0	0	0	9	203	0
ASV_883	0	0	0	0	0	0	0	0	0	0	0	0	24	0	0
ASV_1121	0	0	0	0	0	0	0	0	0	0	0	0	13	0	0
ASV_744	0	0	0	0	0	0	0	0	0	0	0	0	33	0	0
ASV_100	0	0	0	0	0	0	0	0	0	0	0	0	27	1646	0
ASV_849	0	0	0	0	0	0	0	0	0	0	0	0	15	12	0
ASV_841	0	0	0	0	0	0	0	0	0	0	0	0	12	14	0
ASV_921	0	0	0	0	0	0	0	0	0	0	0	0	1	18	0
ASV_999	0	0	0	0	0	0	0	0	0	0	0	0	19	0	0
ASV_1115	0	0	0	0	0	0	0	0	0	0	0	0	5	4	0
ASV_1122	0	0	0	0	0	0	0	0	0	0	0	0	2	18	0
ASV_337	0	0	0	0	0	0	0	0	0	0	0	0	28	162	0
ASV_907	0	0	0	0	0	0	0	0	0	0	0	0	18	2	0
ASV_924	0	0	0	0	0	0	0	0	0	0	0	0	5	13	0
ASV_1106	0	0	0	0	0	0	0	0	0	0	0	0	11	2	0
ASV_1047	0	0	0	0	0	0	0	0	0	0	0	0	10	3	0
ASV_1101	0	0	0	0	0	0	0	0	0	0	0	0	10	0	0
ASV_871	0	0	0	0	0	0	0	0	0	0	0	0	16	4	0
ASV_1166	0	0	0	0	0	0	0	0	0	0	0	0	7	6	0
ASV_992	0	0	0	0	0	0	0	0	0	0	0	0	11	4	0
ASV_310	0	0	0	0	0	0	0	0	0	0	0	0	4	1	0
ASV_988	0	0	0	0	0	0	0	0	0	0	0	0	14	0	0
ASV_828	0	0	0	0	0	0	0	0	0	0	0	0	6	20	0
ASV_429	0	0	0	0	0	0	0	0	0	0	0	0	3	125	0
ASV_534	0	0	0	0	0	0	0	0	0	0	0	0	7	0	0
ASV_874	0	0	0	0	0	0	0	0	0	0	0	0	31	0	0
ASV_973	0	0	0	0	0	0	0	0	0	0	0	0	1	15	0
ASV_1097	0	0	0	0	0	0	0	0	0	0	0	0	13	0	0
ASV_1062	0	0	0	0	0	0	0	0	0	0	0	0	14	3	0
ASV_1182	0	0	0	0	0	0	0	0	0	0	0	0	3	6	0
ASV_1174	0	0	0	0	0	0	0	0	0	0	0	0	10	0	0
ASV_1001	0	0	0	0	0	0	0	0	0	0	0	0	5	12	0
ASV_1164	0	0	0	0	0	0	0	0	0	0	0	0	4	6	0
ASV_1029	0	0	0	0	0	0	0	0	0	0	0	0	4	12	0
ASV_580	0	0	0	0	0	0	0	0	0	0	0	0	1	0	58
ASV_772	0	0	0	0	0	0	0	0	0	0	0	0	10	20	0
ASV_1042	0	0	0	0	0	0	0	0	0	0	0	0	2	11	0
ASV_869	0	0	0	0	0	0	0	0	0	0	0	0	1	23	0
ASV_1139	0	0	0	0	0	0	0	0	0	0	0	0	8	6	0
ASV_1169	0	0	0	0	0	0	0	0	0	0	0	0	4	6	0
ASV_1038	0	0	0	0	0	0	0	0	0	0	0	0	9	4	0
ASV_933	0	0	0	0	0	0	0	0	0	0	0	0	4	22	0
ASV_1188	0	0	0	0	0	0	0	0	0	0	0	0	1	0	0
ASV_790	0	0	0	0	0	0	0	0	0	0	0	0	7	19	0
ASV_606	0	0	0	0	0	0	0	0	0	0	0	0	1	57	0
ASV_997	0	0	0	0	0	0	0	0	0	0	0	0	0	14	0
ASV_421	0	0	0	0	0	0	0	0	0	0	0	0	0	128	0
ASV_418	0	0	0	0	0	0	0	0	0	0	0	0	0	133	0
ASV_562	0	0	0	0	0	0	0	0	0	0	0	0	0	68	0
ASV_1067	0	0	0	0	0	0	0	0	0	0	0	0	0	13	0
ASV_1037	0	0	0	0	0	0	0	0	0	0	0	0	0	16	0
ASV_954	0	0	0	0	0	0	0	0	0	0	0	0	0	22	0
ASV_831	0	0	0	0	0	0	0	0	0	0	0	0	0	28	0
ASV_1080	0	0	0	0	0	0	0	0	0	0	0	0	0	17	0
ASV_1058	0	0	0	0	0	0	0	0	0	0	0	0	0	13	0
ASV_394	0	0	0	0	0	0	0	0	0	0	0	0	0	1	0
ASV_432	0	0	0	0	0	0	0	0	0	0	0	0	0	0	123
ASV_676	0	0	0	0	0	0	0	0	0	0	0	0	0	0	42
ASV_773	0	0	0	0	0	0	0	0	0	0	0	0	0	0	28
ASV_613	0	0	0	0	0	0	0	0	0	0	0	0	0	0	54
ASV_743	0	0	0	0	0	0	0	0	0	0	0	0	0	0	37
ASV_396	0	0	0	0	0	0	0	0	0	0	0	0	0	0	152
ASV_686	0	0	0	0	0	0	0	0	0	0	0	0	0	0	47
ASV_338	0	0	0	0	0	0	0	0	0	0	0	0	0	0	189
ASV_1154	0	0	0	0	0	0	0	0	0	0	0	0	0	0	9
ASV_779	0	0	0	0	0	0	0	0	0	0	0	0	0	0	34
ASV_986	0	0	0	0	0	0	0	0	0	0	0	0	0	0	31
ASV_1103	0	0	0	0	0	0	0	0	0	0	0	0	0	0	18
ASV_389	0	0	0	0	0	0	0	0	0	0	0	0	0	0	157
ASV_1120	0	0	0	0	0	0	0	0	0	0	0	0	0	0	12
ASV_647	0	0	0	0	0	0	0	0	0	0	0	0	0	0	47
ASV_698	0	0	0	0	0	0	0	0	0	0	0	0	0	0	43
ASV_608	0	0	0	0	0	0	0	0	0	0	0	0	0	0	56
ASV_905	0	0	0	0	0	0	0	0	0	0	0	0	0	0	26
ASV_1196	0	0	0	0	0	0	0	0	0	0	0	0	0	0	11
ASV_850	0	0	0	0	0	0	0	0	0	0	0	0	0	0	27
ASV_863	0	0	0	0	0	0	0	0	0	0	0	0	0	0	24
ASV_1053	0	0	0	0	0	0	0	0	0	0	0	0	0	0	12
ASV_829	0	0	0	0	0	0	0	0	0	0	0	0	0	0	24
ASV_1186	0	0	0	0	0	0	0	0	0	0	0	0	0	0	11
ASV_611	0	0	0	0	0	0	0	0	0	0	0	0	0	0	52
ASV_984	0	0	0	0	0	0	0	0	0	0	0	0	0	0	20
ASV_805	0	0	0	0	0	0	0	0	0	0	0	0	0	0	39
ASV_1173	0	0	0	0	0	0	0	0	0	0	0	0	0	0	8
ASV_1142	0	0	0	0	0	0	0	0	0	0	0	0	0	0	13
ASV_1112	0	0	0	0	0	0	0	0	0	0	0	0	0	0	1
ASV_1020	0	0	0	0	0	0	0	0	0	0	0	0	0	0	30
ASV_1030	0	0	0	0	0	0	0	0	0	0	0	0	0	0	16
ASV_1056	0	0	0	0	0	0	0	0	0	0	0	0	0	0	12
ASV_1043	0	0	0	0	0	0	0	0	0	0	0	0	0	0	18
ASV_1000	0	0	0	0	0	0	0	0	0	0	0	0	0	0	13
ASV_703	0	0	0	0	0	0	0	0	0	0	0	0	0	0	40
ASV_976	0	0	0	0	0	0	0	0	0	0	0	0	0	0	18
ASV_1017	0	0	0	0	0	0	0	0	0	0	0	0	0	0	20
ASV_1146	0	0	0	0	0	0	0	0	0	0	0	0	0	0	8
ASV_1083	0	0	0	0	0	0	0	0	0	0	0	0	0	0	12
ASV_885	0	0	0	0	0	0	0	0	0	0	0	0	0	0	21
ASV_1054	0	0	0	0	0	0	0	0	0	0	0	0	0	0	11
ASV_308	0	0	0	0	0	0	0	0	0	0	0	0	0	0	2
ASV_821	0	0	0	0	0	0	0	0	0	0	0	0	0	0	24
ASV_803	0	0	0	0	0	0	0	0	0	0	0	0	0	0	1
ASV_1015	0	0	0	0	0	0	0	0	0	0	0	0	0	0	1
